0,0,0,0,0,0,0,0,0,0,0,0,0,0,0,0,0,0,0,0,0,0,0,0,0,0,0,0,0,0,0,0,
0,0,0,0,0,0,0,0,0,0,0,0,0,0,0,0,0,0,0,0,0,0,0,0,0,0,0,0,0,0,0,0,
0,0,0,0,0,0,0,0,0,0,0,0,0,0,0,0,0,0,0,0,0,0,0,0,0,0,0,0,0,0,0,0,
0,0,0,0,0,0,0,0,0,0,0,0,0,20,21,22,23,0,0,0,0,0,0,0,0,0,0,0,0,0,0,0,
0,0,0,0,0,0,0,0,0,0,0,0,0,44,45,46,47,0,0,0,0,0,0,0,0,0,0,0,0,0,0,0,
0,0,0,0,0,0,0,0,0,0,0,0,0,68,69,70,71,0,0,0,0,0,0,0,0,0,0,0,0,0,0,0,
0,0,0,0,0,0,0,0,0,0,0,0,0,92,93,94,95,0,0,0,0,0,0,0,0,0,0,0,0,0,0,0,
0,0,0,0,0,0,0,0,0,0,0,0,0,116,117,118,119,0,0,0,0,0,1,2,3,4,5,6,0,0,0,0,
0,0,0,0,0,0,0,0,0,0,0,0,0,0,0,0,0,0,0,0,0,0,25,26,27,28,29,30,0,0,0,0,
0,0,0,0,0,0,0,0,0,0,0,0,0,0,0,0,0,0,0,0,0,0,49,50,51,52,53,54,0,0,0,0,
0,0,0,0,0,0,0,0,0,0,0,0,0,0,0,0,0,0,0,0,0,0,73,74,75,76,77,78,0,0,0,0,
0,0,0,0,0,0,0,0,0,0,0,0,0,0,0,0,0,0,0,0,0,0,97,98,99,100,101,102,0,0,0,0,
0,0,32,33,34,35,0,0,0,0,0,0,0,0,0,0,0,0,0,0,0,0,0,268,0,0,268,0,0,0,0,0,
0,0,56,57,58,59,0,0,0,0,0,0,0,0,0,0,0,0,0,0,0,0,0,268,0,0,268,0,0,0,0,0,
0,0,80,81,82,83,0,0,0,0,0,0,0,0,0,0,0,0,0,0,0,0,0,268,0,0,268,0,0,0,0,0,
0,0,104,105,106,107,0,0,0,0,0,0,0,0,0,0,0,0,0,0,0,0,0,268,0,0,268,0,0,0,0,0,
0,0,155,0,0,0,0,0,0,0,0,0,37,38,39,40,41,42,0,0,0,0,0,268,0,0,268,0,0,0,0,0,
0,0,179,0,0,0,0,0,0,0,0,0,61,62,63,64,65,66,0,0,0,0,0,268,0,0,268,0,0,0,0,0,
0,0,0,0,0,0,0,0,0,0,0,0,85,86,87,88,89,90,0,0,0,0,0,268,0,0,268,0,0,0,0,0,
0,0,0,0,0,0,0,0,0,0,253,0,109,110,111,112,113,114,0,0,0,0,0,268,0,0,268,0,0,0,0,0,
0,0,0,0,0,0,0,0,0,0,0,0,267,267,0,0,267,267,0,0,0,0,0,268,0,0,268,0,0,0,0,0,
0,0,0,0,0,0,0,0,0,0,0,0,0,0,0,0,0,0,0,0,0,0,0,0,0,0,0,0,0,0,0,0,
0,0,0,0,0,0,0,0,0,0,0,0,0,0,0,0,0,0,0,0,0,0,0,0,0,0,0,0,0,0,0,0,
0,0,0,0,0,0,0,0,0,0,0,0,0,0,0,0,0,0,0,0,0,0,0,0,0,0,0,0,0,0,0,0,
0,0,0,0,0,0,0,0,0,0,0,0,0,0,0,0,0,0,0,0,0,0,0,0,0,0,0,0,0,0,0,0,
0,0,0,0,0,0,0,0,0,0,0,0,0,0,0,0,0,0,0,0,0,0,0,0,0,0,0,0,0,0,0,0,
0,0,0,0,0,0,0,0,0,0,0,0,0,0,0,0,0,0,0,0,0,0,0,0,0,0,0,0,0,0,0,0,
0,0,0,0,0,0,0,0,0,0,0,0,0,0,0,0,0,0,0,0,0,0,0,0,0,0,0,0,0,0,0,0,
0,0,0,0,0,0,0,0,0,0,0,0,0,0,0,0,0,0,0,0,0,0,0,0,0,0,0,0,0,0,0,0,
0,0,0,0,0,0,0,0,0,0,0,0,0,0,0,0,0,0,0,0,0,0,0,0,0,0,0,0,0,0,0,0,
0,0,0,0,0,0,0,0,0,0,0,0,0,0,0,0,0,0,0,0,0,0,0,0,0,0,0,0,0,0,0,0,
0,0,0,0,0,0,0,0,0,0,0,0,0,0,0,0,0,0,0,0,0,0,0,0,0,0,0,0,0,0,0,0